402.23
403.65
405.08
406.5
407.92
409.34
410.76
412.18
413.6
415.01
416.43
417.84
419.26
420.67
422.08
423.49
424.9
426.31
427.72
429.12
430.53
431.94
433.34
434.75
436.15
437.56
438.96
440.36
441.77
443.17
444.57
445.97
447.38
448.78
450.18
451.58
452.98
454.38
455.79
457.19
458.59
459.99
461.39
462.79
464.2
465.6
467
468.4
469.81
471.21
472.61
474.02
475.42
476.82
478.23
479.63
481.04
482.44
483.85
485.25
486.66
488.07
489.47
490.88
492.29
493.7
495.11
496.52
497.93
499.34
500.75
502.16
503.57
504.98
506.4
507.81
509.22
510.64
512.05
513.47
514.89
516.3
517.72
519.14
520.56
521.98
523.4
524.82
526.24
527.66
529.08
530.51
531.93
533.35
534.78
536.2
537.63
539.06
540.48
541.91
543.34
544.77
546.2
547.63
549.06
550.49
551.92
553.35
554.78
556.22
557.65
559.09
560.52
561.96
563.39
564.83
566.27
567.71
569.14
570.58
572.02
573.46
574.9
576.34
577.79
579.23
580.67
582.11
583.56
585
586.45
587.89
589.34
590.78
592.23
593.68
595.12
596.57
598.02
599.47
600.92
602.37
603.82
605.27
606.72
608.17
609.62
611.07
612.52
613.98
615.43
616.88
618.34
619.79
621.25
622.7
624.16
625.61
627.07
628.52
629.98
631.44
632.89
634.35
635.81
637.27
638.72
640.18
641.64
643.1
644.56
646.02
647.48
648.94
650.4
651.86
653.32
654.78
656.24
657.7
659.16
660.63
662.09
663.55
665.01
666.48
667.94
669.4
670.86
672.33
673.79
675.25
676.72
678.18
679.65
681.11
682.58
684.04
685.5
686.97
688.43
689.9
691.37
692.83
694.3
695.76
697.23
698.69
700.16
701.63
703.09
704.56
706.03
707.49
708.96
710.43
711.9
713.36
714.83
716.3
717.77
719.24
720.7
722.17
723.64
725.11
726.58
728.05
729.52
730.99
732.46
733.93
735.4
736.86
738.34
739.81
741.28
742.75
744.22
745.69
747.16
748.63
750.1
751.57
753.05
754.52
755.99
757.46
758.93
760.41
761.88
763.35
764.83
766.3
767.78
769.25
770.72
772.2
773.67
775.15
776.62
778.1
779.58
781.05
782.53
784
785.48
786.96
788.44
789.91
791.39
792.87
794.35
795.83
797.31
798.79
800.27
801.75
803.23
804.71
806.19
807.67
809.16
810.64
812.12
813.6
815.09
816.57
818.06
819.54
821.03
822.51
824
825.48
826.97
828.46
829.95
831.43
832.92
834.41
835.9
837.39
838.88
840.37
841.86
843.36
844.85
846.34
847.83
849.33
850.82
852.32
853.81
855.31
856.8
858.3
859.8
861.3
862.79
864.29
865.79
867.29
868.79
870.29
871.79
873.3
874.8
876.3
877.8
879.31
880.81
882.32
883.82
885.33
886.84
888.34
889.85
891.36
892.87
894.38
895.89
897.4
898.91
900.42
901.93
903.44
904.95
906.47
907.98
909.49
911.01
912.52
914.04
915.55
917.07
918.59
920.1
921.62
923.14
924.66
926.17
927.69
929.21
930.73
932.25
933.77
935.29
936.81
938.33
939.85
941.37
942.9
944.42
945.94
947.46
948.98
950.51
952.03
953.55
955.07
956.6
958.12
959.64
961.16
962.69
964.21
965.73
967.25
968.77
970.3
971.82
973.34
974.86
976.38
977.9
979.42
980.94
982.46
983.98
985.49
987.01
988.53
990.05
991.56
993.08
994.59
996.1
997.62
999.13
1003.1
1012.5
1021.9
1031.3
1040.7
1050
1059.3
1068.5
1077.7
1086.9
1096.1
1105.2
1114.3
1123.3
1132.3
1141.3
1150.3
1159.2
1168
1176.9
1185.7
1194.5
1203.2
1211.9
1220.6
1229.2
1237.8
1246.4
1255
1263.5
1271.9
1280.3
1288.7
1297.1
1305.4
1313.7
1321.9
1330.1
1338.3
1346.5
1354.5
1362.6
1370.7
1378.6
1386.6
1394.5
1402.4
1410.2
1418
1425.8
1433.5
1441.2
1448.9
1456.5
1464.1
1471.6
1479.1
1486.6
1494
1501.4
1508.8
1516.1
1523.3
1530.6
1537.8
1544.9
1552
1559.1
1566.2
1573.1
1580.1
1587
1593.9
1600.7
1607.5
1614.3
1621
1627.7
1634.3
1640.9
1647.5
1654
1660.5
1666.9
1673.3
1679.6
1685.9
1692.2
1698.4
1704.6
1710.7
1716.8
1722.9
1728.9
1734.9
1740.8
1746.7
1752.5
1758.3
1764.1
1769.8
1775.5
1781.1
1786.7
1792.2
1797.8
1803.2
1808.6
1814
1819.3
1824.6
1829.8
1835
1840.2
1845.3
1850.3
1855.3
1860.3
1865.2
1870.1
1875
1879.8
1884.5
1887.1
1898.5
1909.8
1921.1
1932.3
1943.5
1954.6
1965.6
1976.6
1987.6
1998.5
2009.3
2020.1
2030.9
2041.5
2052.2
2062.8
2073.3
2083.8
2094.2
2104.6
2114.9
2125.2
2135.4
2145.6
2155.7
2165.8
2175.8
2185.7
2195.6
2205.5
2215.3
2225
2234.7
2244.4
2254
2263.5
2273
2282.4
2291.8
2301.2
2310.4
2319.7
2328.8
2337.9
2347
2356
2365
2373.9
2382.8
2391.6
2400.3